2023-03-16 04:00:00,267.0,267.28,265.8,266.3,5216
2023-03-16 04:30:00,266.38,266.49,266.19,266.28,2212
2023-03-16 05:00:00,266.35,266.35,265.62,266.1,5015
2023-03-16 05:30:00,266.45,266.5,265.8,266.0,3621
2023-03-16 06:00:00,266.07,266.16,265.76,266.16,2513
2023-03-16 06:30:00,266.08,266.08,265.35,265.65,14248
2023-03-16 07:00:00,265.85,265.98,265.5,265.75,26090
2023-03-16 07:30:00,266.0,266.0,265.69,265.69,8857
2023-03-16 08:00:00,265.9,266.5,264.777,265.793,32381
2023-03-16 08:30:00,265.57,265.6888,264.84,265.4,21615
2023-03-16 09:00:00,265.2754,265.9,264.54,265.19,24804
2023-03-16 09:30:00,265.19,265.4,263.43,264.53,2897285
2023-03-16 10:00:00,264.5438,265.0556,263.62,264.005,1595963
2023-03-16 10:30:00,264.0,266.63,263.28,266.54,2221286
2023-03-16 11:00:00,266.55,270.26,266.12,270.23,3182980
2023-03-16 11:30:00,270.24,273.94,270.13,273.1,4884515
2023-03-16 12:00:00,273.11,275.4,272.54,275.36,3203980
2023-03-16 12:30:00,275.3599,276.52,274.39,275.175,3035176
2023-03-16 13:00:00,275.17,275.56,274.21,274.4441,1848243
2023-03-16 13:30:00,274.46,275.81,274.08,275.48,1954797
2023-03-16 14:00:00,275.5,276.0,274.51,275.07,1633902
2023-03-16 14:30:00,275.075,275.605,274.23,275.362,1410956
2023-03-16 15:00:00,275.3705,276.56,275.3,276.28,2429401
2023-03-16 15:30:00,276.285,276.48,275.3,276.22,4517458
2023-03-16 16:00:00,276.095,276.58,275.75,276.25,6030665
2023-03-16 16:30:00,276.25,276.56,276.0,276.25,45414
2023-03-16 17:00:00,276.31,276.34,276.2,276.25,14073
2023-03-16 17:30:00,276.3,276.33,275.79,275.94,5389
2023-03-16 18:00:00,275.94,276.0,274.99,275.0,12926
2023-03-16 18:30:00,275.05,276.18,274.9,276.08,13712
2023-03-16 19:00:00,276.2,276.5,276.18,276.5,8936
2023-03-16 19:30:00,276.38,276.5,276.01,276.22,4045
2023-03-17 04:00:00,276.4,278.0,276.4,277.65,20654
2023-03-17 04:30:00,277.66,277.66,277.08,277.43,15794
2023-03-17 05:00:00,277.6,277.7,276.78,276.8,5762
2023-03-17 05:30:00,276.8,276.92,276.32,276.92,3906
2023-03-17 06:00:00,276.93,276.99,276.5,276.9,2214
2023-03-17 06:30:00,276.95,278.0,276.95,277.21,17000
2023-03-17 07:00:00,277.4,278.17,277.12,277.13,28798
2023-03-17 07:30:00,277.16,278.26,276.81,278.21,31049
2023-03-17 08:00:00,277.75,278.87,276.2,276.63,114420
2023-03-17 08:30:00,276.4,277.8,276.3,277.32,58819
2023-03-17 09:00:00,277.3205,279.5,277.31,278.13,268270
2023-03-17 09:30:00,278.1,281.89,277.39,281.52,13378839
2023-03-17 10:00:00,281.545,283.33,281.43,282.23,4417976
2023-03-17 10:30:00,282.245,282.75,279.2155,280.55,3177477
2023-03-17 11:00:00,280.59,280.59,276.95,277.5229,2764822
2023-03-17 11:30:00,277.54,278.39,276.3201,277.475,2077693
2023-03-17 12:00:00,277.49,278.42,276.88,277.74,1507700
2023-03-17 12:30:00,277.77,279.11,277.7557,278.5351,1413412
2023-03-17 13:00:00,278.56,280.87,278.56,279.99,1940946
2023-03-17 13:30:00,280.015,280.66,279.25,280.59,1493813
2023-03-17 14:00:00,280.6,281.21,278.19,278.28,1667398
2023-03-17 14:30:00,278.29,278.55,276.89,278.1,1674674
2023-03-17 15:00:00,278.13,279.52,277.93,279.08,1909145
2023-03-17 15:30:00,279.05,279.43,277.39,279.42,3910059
2023-03-17 16:00:00,279.285,279.68,279.26,279.52,12808326
2023-03-17 16:30:00,279.53,279.58,279.42,279.46,307239
2023-03-17 17:00:00,279.46,279.53,279.34,279.35,25449
2023-03-17 17:30:00,279.37,279.44,279.36,279.39,13561
2023-03-17 18:00:00,279.39,279.39,279.29,279.3,1273
2023-03-17 18:30:00,279.3,279.55,279.12,279.14,4910
2023-03-17 19:00:00,279.29,279.29,279.11,279.13,1486
2023-03-17 19:30:00,279.07,279.3,279.06,279.2,2402
2023-03-20 04:00:00,275.83,279.99,275.83,277.94,24538
2023-03-20 04:30:00,277.52,279.8,277.51,279.8,8212
2023-03-20 05:00:00,279.97,281.19,279.97,279.97,24990
2023-03-20 05:30:00,280.38,280.98,280.12,280.5,8683
2023-03-20 06:00:00,280.52,280.7,279.47,279.65,26981
2023-03-20 06:30:00,279.51,280.97,279.36,280.07,6963
2023-03-20 07:00:00,280.14,280.43,279.0,279.0,22450
2023-03-20 07:30:00,278.95,279.28,278.12,278.7,14177
2023-03-20 08:00:00,279.7,280.43,277.1,278.85,46410
2023-03-20 08:30:00,278.98,279.4,278.5,278.9,46446
2023-03-20 09:00:00,278.63,278.85,276.56,276.77,75565
2023-03-20 09:30:00,277.05,277.48,271.17,271.555,4762034
2023-03-20 10:00:00,271.56,273.4,271.4,271.58,3084247
2023-03-20 10:30:00,271.56,272.39,269.85,270.56,2834794
2023-03-20 11:00:00,270.57,273.53,270.312,273.5,2528613
2023-03-20 11:30:00,273.49,273.8309,270.8201,271.045,1760307
2023-03-20 12:00:00,271.04,271.23,269.92,271.15,1561609
2023-03-20 12:30:00,271.13,271.34,270.6,270.8,1287060
2023-03-20 13:00:00,270.82,271.49,270.7,271.07,1064622
2023-03-20 13:30:00,271.07,271.51,270.84,271.35,1108887
2023-03-20 14:00:00,271.34,271.44,270.93,271.09,1246315
2023-03-20 14:30:00,271.1,271.22,270.27,270.86,1204181
2023-03-20 15:00:00,270.84,271.29,270.27,270.68,1414758
2023-03-20 15:30:00,270.66,272.24,270.3,272.23,3140155
2023-03-20 16:00:00,272.23,272.4763,272.01,272.39,4353672
2023-03-20 16:30:00,272.33,272.4,272.15,272.29,9210
2023-03-20 17:00:00,272.37,272.5,272.3599,272.5,7113
2023-03-20 17:30:00,272.5,272.63,272.36,272.37,2371
2023-03-20 18:00:00,272.37,272.37,272.21,272.21,1338
2023-03-20 18:30:00,272.25,272.2899,272.23,272.25,1780
2023-03-20 19:00:00,272.3,272.3,272.05,272.05,3020
2023-03-20 19:30:00,272.02,272.05,271.75,272.0,6057
2023-03-21 04:00:00,272.42,272.79,272.3,272.58,2405
2023-03-21 04:30:00,272.59,272.59,272.21,272.59,1554
2023-03-21 05:00:00,272.51,272.51,272.11,272.14,2332
2023-03-21 05:30:00,272.16,272.22,271.6,271.79,3891
2023-03-21 06:00:00,271.79,272.96,271.0,272.21,14241
2023-03-21 06:30:00,272.5,272.8,271.46,271.5,9585
2023-03-21 07:00:00,271.5,273.5,271.4,273.5,19355
2023-03-21 07:30:00,273.37,273.89,273.37,273.5,29368
2023-03-21 08:00:00,273.5,273.8,271.35,272.79,79366
2023-03-21 08:30:00,272.7,273.78,272.69,273.6,57006
2023-03-21 09:00:00,273.59,275.4,273.49,274.76,93849
2023-03-21 09:30:00,274.89,275.0,272.81,273.8762,2675615
2023-03-21 10:00:00,273.89,274.34,270.17,270.36,2367288
2023-03-21 10:30:00,270.365,271.04,269.5191,270.8801,2054592
2023-03-21 11:00:00,270.9,271.5,270.43,270.68,1354127
2023-03-21 11:30:00,270.68,271.1145,269.68,270.23,1317050
2023-03-21 12:00:00,270.24,271.77,270.04,271.51,1048803
2023-03-21 12:30:00,271.52,272.04,271.18,271.88,1102804
2023-03-21 13:00:00,271.89,272.79,271.51,271.5301,988665
2023-03-21 13:30:00,271.54,271.91,270.95,270.9615,1056562
2023-03-21 14:00:00,270.9697,271.76,270.94,271.62,853178
2023-03-21 14:30:00,271.64,272.42,271.2618,272.06,840483
2023-03-21 15:00:00,272.05,273.06,272.02,272.96,1029457
2023-03-21 15:30:00,272.97,273.84,272.71,273.79,2569158
2023-03-21 16:00:00,273.78,273.78,273.12,273.29,6019325
2023-03-21 16:30:00,273.35,273.43,273.2,273.26,13624
2023-03-21 17:00:00,273.2796,273.3,273.23,273.28,2789
2023-03-21 17:30:00,273.28,273.28,272.9,272.9,8459
2023-03-21 18:00:00,272.99,273.1,272.7,272.91,2965
2023-03-21 18:30:00,273.1,273.15,272.96,273.15,4434
2023-03-21 19:00:00,273.0,273.2,272.99,273.2,4658
2023-03-21 19:30:00,273.38,273.38,272.95,273.0,4718
2023-03-22 04:00:00,273.08,273.08,271.98,272.32,6731
2023-03-22 04:30:00,272.17,272.63,272.13,272.48,956
2023-03-22 05:00:00,272.14,272.9,271.92,272.9,1426
2023-03-22 05:30:00,272.93,273.33,272.74,272.74,1690
2023-03-22 06:00:00,272.91,272.91,272.31,272.72,1478
2023-03-22 06:30:00,272.57,273.0,272.53,272.95,1797
2023-03-22 07:00:00,272.84,273.65,272.84,273.55,7190
2023-03-22 07:30:00,273.55,273.55,272.9,273.01,7233
2023-03-22 08:00:00,272.8283,274.23,271.8915,272.8,22146
2023-03-22 08:30:00,272.84,273.5,272.84,273.23,10756
2023-03-22 09:00:00,273.328,274.1,273.13,273.73,23710
2023-03-22 09:30:00,273.4,274.24,272.62,273.14,1816529
2023-03-22 10:00:00,273.13,277.15,272.85,276.93,2154719
2023-03-22 10:30:00,276.96,277.3,275.57,276.09,1874431
2023-03-22 11:00:00,276.07,276.6,275.6,276.24,886937
2023-03-22 11:30:00,276.24,278.26,276.205,277.85,1385624
2023-03-22 12:00:00,277.86,277.89,275.85,275.8501,1198217
2023-03-22 12:30:00,275.85,276.94,275.764,276.94,690151
2023-03-22 13:00:00,276.94,277.15,276.49,277.05,656467
2023-03-22 13:30:00,277.08,277.41,276.79,277.285,644997
2023-03-22 14:00:00,277.34,279.99,277.05,278.93,2561698
2023-03-22 14:30:00,278.96,281.04,276.37,277.16,2486024
2023-03-22 15:00:00,277.17,278.57,274.9133,277.6579,2206710
2023-03-22 15:30:00,277.645,277.82,272.18,272.28,3671089
2023-03-22 16:00:00,272.28,272.71,271.85,272.55,3999878
2023-03-22 16:30:00,272.6,273.23,272.29,272.82,25595
2023-03-22 17:00:00,272.87,272.87,272.75,272.82,15919
2023-03-22 17:30:00,272.85,273.0,272.84,272.9318,4680
2023-03-22 18:00:00,272.87,273.3,272.85,273.0,9387
2023-03-22 18:30:00,273.09,273.3,273.0,273.25,6355
2023-03-22 19:00:00,273.25,273.25,272.89,273.21,7922
2023-03-22 19:30:00,273.27,273.3,273.0,273.0,4401
2023-03-23 04:00:00,274.1,276.5,273.98,276.11,8446
2023-03-23 04:30:00,276.02,277.0,276.0,276.67,11334
2023-03-23 05:00:00,276.4,276.6,276.0,276.2,3885
2023-03-23 05:30:00,275.9,276.55,275.87,276.31,3783
2023-03-23 06:00:00,276.49,276.49,275.59,275.89,5582
2023-03-23 06:30:00,275.51,276.0,275.51,276.0,5412
2023-03-23 07:00:00,276.02,276.67,275.61,275.61,11760
2023-03-23 07:30:00,275.62,276.09,275.33,275.98,6855
2023-03-23 08:00:00,276.2115,276.5,271.61,276.09,43308
2023-03-23 08:30:00,275.8,276.6,275.5018,276.1995,20455
2023-03-23 09:00:00,276.25,278.3,275.3,278.01,52152
2023-03-23 09:30:00,277.89,278.61,275.34,276.98,2844904
2023-03-23 10:00:00,276.99,278.27,276.39,277.8982,1767112
2023-03-23 10:30:00,277.89,280.13,277.5,280.09,1888819
2023-03-23 11:00:00,280.1,280.98,279.94,280.065,1893687
2023-03-23 11:30:00,280.065,281.06,279.59,280.31,1167198
2023-03-23 12:00:00,280.29,280.65,279.78,280.48,1032463
2023-03-23 12:30:00,280.47,280.68,279.69,280.01,1111495
2023-03-23 13:00:00,280.04,280.4099,278.8638,279.46,1442320
2023-03-23 13:30:00,279.48,279.93,278.65,278.84,1121928
2023-03-23 14:00:00,278.84,279.2299,276.7452,276.7452,1652526
2023-03-23 14:30:00,276.76,277.64,275.3813,277.28,2253275
2023-03-23 15:00:00,277.3,278.8,275.2,276.825,2123136
2023-03-23 15:30:00,276.78,279.05,276.35,277.63,3320368
2023-03-23 16:00:00,277.59,277.7,276.8,277.2,4201481
2023-03-23 16:30:00,277.14,278.38,277.08,277.81,34413
2023-03-23 17:00:00,277.81,277.8336,277.66,277.72,135704
2023-03-23 17:30:00,277.7,277.92,277.68,277.75,6660
2023-03-23 18:00:00,277.75,277.75,276.76,276.76,6227
2023-03-23 18:30:00,276.99,277.1,276.85,277.0,6887
2023-03-23 19:00:00,277.17,277.58,276.9,277.52,2640
2023-03-23 19:30:00,277.2,277.2,277.06,277.06,956
2023-03-24 04:00:00,278.89,278.89,277.6,278.19,12078
2023-03-24 04:30:00,278.19,278.19,277.0,277.66,4600
2023-03-24 05:00:00,277.34,278.04,277.34,277.8,3711
2023-03-24 05:30:00,277.4,277.4,276.73,277.1,2217
2023-03-24 06:00:00,276.8,276.93,276.2,276.7,8760
2023-03-24 06:30:00,276.7,276.86,275.82,275.88,18027
2023-03-24 07:00:00,276.2,276.22,275.05,275.66,24593
2023-03-24 07:30:00,275.88,276.4,275.41,275.41,6020
2023-03-24 08:00:00,276.3,278.83,274.8,276.18,29372
2023-03-24 08:30:00,276.35,276.9868,276.03,276.9143,22308
2023-03-24 09:00:00,276.7,277.25,275.6,277.14,32132
2023-03-24 09:30:00,277.14,277.93,275.28,277.7,2523588
2023-03-24 10:00:00,277.77,278.26,276.61,277.96,1562650
2023-03-24 10:30:00,277.96,278.935,277.69,278.88,1796302
2023-03-24 11:00:00,278.91,279.71,276.96,277.25,1748541
2023-03-24 11:30:00,277.25,279.45,276.7158,279.25,1317742
2023-03-24 12:00:00,279.26,279.77,277.2273,277.74,1229933
2023-03-24 12:30:00,277.76,278.62,277.52,278.2,1004323
2023-03-24 13:00:00,278.2,278.74,277.58,278.5,909267
2023-03-24 13:30:00,278.51,279.2,277.71,278.0578,961086
2023-03-24 14:00:00,278.055,278.86,277.84,278.245,716835
2023-03-24 14:30:00,278.25,279.2,278.23,278.9264,736583
2023-03-24 15:00:00,278.94,280.28,278.69,279.9719,1269863
2023-03-24 15:30:00,279.98,280.63,279.21,280.57,2449629
2023-03-24 16:00:00,280.58,280.7881,280.0,280.21,3612144
2023-03-24 16:30:00,280.1201,280.93,280.1201,280.75,39266
2023-03-24 17:00:00,280.7741,280.8597,280.46,280.6,20274
2023-03-24 17:30:00,280.7,280.7,280.63,280.7,3846
2023-03-24 18:00:00,280.73,280.8,280.6,280.79,2539
2023-03-24 18:30:00,280.7,281.0,280.7,280.75,6599
2023-03-24 19:00:00,280.94,280.94,280.65,280.85,2124
2023-03-24 19:30:00,280.94,280.94,280.84,280.85,3450
2023-03-27 04:00:00,280.19,280.94,280.0,280.72,6203
2023-03-27 04:30:00,280.95,281.5,280.95,281.29,2990
2023-03-27 05:00:00,281.2,281.22,280.91,280.91,1370
2023-03-27 05:30:00,281.09,281.5,281.04,281.04,2635
2023-03-27 06:00:00,281.4,281.68,281.4,281.5,3366
2023-03-27 06:30:00,281.5,281.79,281.5,281.5,6658
2023-03-27 07:00:00,281.5,281.82,281.3,281.51,20053
2023-03-27 07:30:00,281.4,281.4,280.73,280.75,13393
2023-03-27 08:00:00,280.88,281.99,279.869,280.8,58762
2023-03-27 08:30:00,280.8,280.8,280.05,280.25,16865
2023-03-27 09:00:00,280.4,280.8,280.18,280.5,56436
2023-03-27 09:30:00,280.5,281.4589,278.51,280.1908,2918170
2023-03-27 10:00:00,280.19,281.4,279.69,279.875,1647457
2023-03-27 10:30:00,279.86,279.87,278.22,278.27,1388393
2023-03-27 11:00:00,278.27,278.315,277.29,277.93,1538340
2023-03-27 11:30:00,277.96,278.0892,275.73,275.9373,1301452
2023-03-27 12:00:00,275.95,276.87,275.57,276.8327,1133171
2023-03-27 12:30:00,276.88,276.9135,275.98,276.42,694512
2023-03-27 13:00:00,276.44,276.65,275.52,276.1839,923485
2023-03-27 13:30:00,276.19,276.84,276.09,276.44,729699
2023-03-27 14:00:00,276.44,277.17,275.9,276.58,798991
2023-03-27 14:30:00,276.585,276.96,276.1129,276.8301,780838
2023-03-27 15:00:00,276.88,277.24,276.61,276.98,975645
2023-03-27 15:30:00,276.97,277.11,275.7243,276.38,2445947
2023-03-27 16:00:00,276.38,276.8,276.0,276.5,3554839
2023-03-27 16:30:00,276.53,276.74,276.4,276.5,4832
2023-03-27 17:00:00,276.46,276.5727,276.32,276.5727,2821
2023-03-27 17:30:00,276.38,276.6518,276.15,276.15,27884
2023-03-27 18:00:00,276.554,276.554,276.2,276.24,5767
2023-03-27 18:30:00,276.25,276.51,276.25,276.49,4823
2023-03-27 19:00:00,276.57,276.68,276.2701,276.57,4217
2023-03-27 19:30:00,276.56,276.74,276.56,276.68,3916
2023-03-28 04:00:00,276.75,276.75,274.15,275.15,5002
2023-03-28 04:30:00,275.12,275.12,275.0,275.0,3474
2023-03-28 05:00:00,274.99,275.36,274.99,275.36,1317
2023-03-28 05:30:00,275.4,275.5,275.15,275.2,1068
2023-03-28 06:00:00,275.2,276.0,275.2,275.7,1235
2023-03-28 06:30:00,275.62,275.62,274.89,275.0,4096
2023-03-28 07:00:00,275.36,275.9,275.36,275.9,3028
2023-03-28 07:30:00,275.79,276.1,275.77,275.8,1496
2023-03-28 08:00:00,275.5272,277.32,275.21,275.8,11762
2023-03-28 08:30:00,275.8,275.8,275.37,275.71,13021
2023-03-28 09:00:00,275.6,276.18,275.11,275.78,16985
2023-03-28 09:30:00,275.79,276.14,272.74,273.7306,2527082
2023-03-28 10:00:00,273.73,274.27,273.11,273.59,1101005
2023-03-28 10:30:00,273.63,273.64,272.06,272.1346,1027647
2023-03-28 11:00:00,272.15,273.67,272.0451,273.4115,1024877
2023-03-28 11:30:00,273.44,274.1,273.26,273.7499,1323548
2023-03-28 12:00:00,273.75,273.838,273.04,273.24,698345
2023-03-28 12:30:00,273.22,273.565,273.0798,273.46,504276
2023-03-28 13:00:00,273.47,273.63,273.0001,273.29,779862
2023-03-28 13:30:00,273.2844,273.5,272.12,272.25,1273426
2023-03-28 14:00:00,272.24,273.16,272.15,273.04,696316
2023-03-28 14:30:00,273.05,273.6499,272.69,273.59,567889
2023-03-28 15:00:00,273.61,274.58,273.61,274.1301,870767
2023-03-28 15:30:00,274.12,275.33,273.83,275.26,1584197
2023-03-28 16:00:00,275.23,275.86,275.0,275.86,2692422
2023-03-28 16:30:00,275.83,275.83,275.42,275.63,4983
2023-03-28 17:00:00,275.63,275.7,275.56,275.66,2249
2023-03-28 17:30:00,275.65,275.8,275.5076,275.5076,1611
2023-03-28 18:00:00,275.67,275.93,275.64,275.8,2830
2023-03-28 18:30:00,275.93,275.93,275.4,275.55,3294
2023-03-28 19:00:00,275.7,275.8,275.7,275.73,1838
2023-03-28 19:30:00,275.81,276.09,275.81,276.09,4856
2023-03-29 04:00:00,276.88,277.7,276.8,277.67,7604
2023-03-29 04:30:00,277.69,277.79,277.06,277.06,2354
2023-03-29 05:00:00,277.32,277.66,277.32,277.66,1575
2023-03-29 05:30:00,277.69,277.8,277.57,277.6,6427
2023-03-29 06:00:00,277.67,277.67,277.3,277.3,1657
2023-03-29 06:30:00,277.4,277.65,277.4,277.51,960
2023-03-29 07:00:00,277.42,277.85,277.38,277.56,15998
2023-03-29 07:30:00,277.56,277.8,277.56,277.6,4906
2023-03-29 08:00:00,277.6397,277.88,276.1,277.6999,27568
2023-03-29 08:30:00,277.55,277.85,277.1035,277.59,18069
2023-03-29 09:00:00,277.48,279.09,277.4,278.91,38912
2023-03-29 09:30:00,278.85,279.97,278.41,279.905,2260114
2023-03-29 10:00:00,279.93,280.66,279.59,279.76,1675764
2023-03-29 10:30:00,279.78,279.87,278.7,278.86,1282959
2023-03-29 11:00:00,278.87,279.4613,278.41,279.44,856342
2023-03-29 11:30:00,279.48,279.95,279.08,279.69,882726
2023-03-29 12:00:00,279.7,279.98,279.5,279.6101,784070
2023-03-29 12:30:00,279.6316,280.01,279.16,279.35,586261
2023-03-29 13:00:00,279.3613,280.14,279.02,280.08,673918
2023-03-29 13:30:00,280.1,280.1,278.96,279.17,607694
2023-03-29 14:00:00,279.17,279.55,278.96,279.39,621084
2023-03-29 14:30:00,279.4,279.81,279.02,279.73,727861
2023-03-29 15:00:00,279.73,280.8,279.37,280.71,1384640
2023-03-29 15:30:00,280.68,281.1398,280.1,280.52,2294571
2023-03-29 16:00:00,280.73,280.8,280.21,280.51,5120659
2023-03-29 16:30:00,280.57,280.73,280.57,280.68,6032
2023-03-29 17:00:00,280.7,281.49,280.51,281.2695,42456
2023-03-29 17:30:00,281.32,281.44,281.1982,281.2134,6159
2023-03-29 18:00:00,281.22,281.28,281.0,281.24,3156
2023-03-29 18:30:00,281.15,281.15,281.0,281.0,2519
2023-03-29 19:00:00,280.95,281.13,280.85,281.01,1465
2023-03-29 19:30:00,281.0,281.1,280.68,280.88,7018
2023-03-30 04:00:00,281.33,281.43,281.02,281.13,3872
2023-03-30 04:30:00,281.04,281.43,281.03,281.42,1009
2023-03-30 05:00:00,281.4,281.73,281.4,281.73,1077
2023-03-30 05:30:00,281.8,282.72,281.66,282.33,4583
2023-03-30 06:00:00,282.35,282.46,282.35,282.46,700
2023-03-30 06:30:00,282.29,282.9,282.29,282.6,3179
2023-03-30 07:00:00,282.51,282.9,282.49,282.6,12258
2023-03-30 07:30:00,282.58,283.67,282.45,283.51,17767
2023-03-30 08:00:00,282.74,284.25,280.69,283.79,72957
2023-03-30 08:30:00,283.51,284.39,283.0,284.01,56194
2023-03-30 09:00:00,283.96,284.72,283.7,284.1,84151
2023-03-30 09:30:00,284.23,284.46,282.3273,283.4729,2896898
2023-03-30 10:00:00,283.47,283.9,282.21,283.53,1714429
2023-03-30 10:30:00,283.55,283.68,282.17,282.76,1092875
2023-03-30 11:00:00,282.74,283.75,282.553,282.7,1038453
2023-03-30 11:30:00,282.7,283.53,282.44,283.2,847497
2023-03-30 12:00:00,283.2,283.59,282.6,282.89,829921
2023-03-30 12:30:00,282.89,282.89,281.86,282.08,867944
2023-03-30 13:00:00,282.09,282.21,281.5901,281.77,746982
2023-03-30 13:30:00,281.76,282.22,281.48,282.03,661005
2023-03-30 14:00:00,282.0609,283.0769,282.02,283.03,805840
2023-03-30 14:30:00,283.02,283.52,282.83,283.3224,966821
2023-03-30 15:00:00,283.31,283.69,282.88,283.615,792766
2023-03-30 15:30:00,283.62,284.13,283.38,284.09,1940099
2023-03-30 16:00:00,284.05,284.1886,283.91,284.1316,2864693
2023-03-30 16:30:00,284.12,284.15,283.9,284.03,9864
2023-03-30 17:00:00,284.0117,284.13,283.85,284.1,3602
2023-03-30 17:30:00,284.0,284.0,283.82,283.83,1913
2023-03-30 18:00:00,283.63,283.75,283.2,283.33,4886
2023-03-30 18:30:00,283.3,283.65,283.3,283.57,6890
2023-03-30 19:00:00,283.55,283.92,283.55,283.68,1398
2023-03-30 19:30:00,283.83,284.19,283.8,284.1,3073
